Text:
ME-499 Final-Year Project (6CH) (90) (A)
Grade 1 Uncontracted Braille:
 0 0  0 0  1 1  1 0  0 0  0 1  1 1  0 1  0 1  0 0  0 0  1 1  0 1  1 1  1 0  1 0  0 0  0 0  1 1  1 0  1 0  1 0  0 0  0 0  1 1  1 0  1 0  0 1  1 0  1 1  0 1  0 0  0 0  1 0  0 1  1 1  0 0  0 0  1 1  1 0  0 0  0 1  0 0  0 0  1 0  0 1  0 1  0 1  0 0  0 1  0 0  0 0  1 0  0 0  1 0  0 0  0 1 
 0 0  0 0  0 0  0 1  0 0  0 1  0 1  1 0  1 0  0 0  0 0  1 0  1 0  0 1  0 0  1 0  0 0  0 0  0 1  0 1  0 0  1 1  0 0  0 0  1 0  1 1  0 1  1 1  0 1  0 0  1 1  0 0  0 1  1 0  0 1  1 0  0 0  0 0  0 0  1 1  0 1  0 1  0 0  0 1  1 0  0 1  1 0  1 1  0 1  0 1  0 0  0 1  1 0  0 0  0 0  0 1  0 1 
 0 1  0 1  1 0  0 0  1 1  1 1  0 0  0 0  0 0  0 0  0 1  0 0  0 0  1 0  0 0  1 0  1 1  0 1  1 1  0 0  0 0  1 0  0 0  0 1  1 0  1 0  1 0  0 0  0 0  0 0  1 0  0 0  0 0  0 1  1 1  0 0  0 1  0 1  0 0  0 0  0 0  1 0  0 0  0 0  0 1  1 1  0 0  0 0  0 0  1 0  0 0  0 0  0 1  0 1  0 0  0 0  1 0 

⠠⠠⠍⠑⠤⠼⠙⠊⠊⠀⠠⠋⠊⠝⠁⠇⠤⠠⠽⠑⠁⠗⠀⠠⠏⠗⠕⠚⠑⠉⠞⠀⠐⠣⠼⠋⠠⠠⠉⠓⠐⠜⠀⠐⠣⠼⠊⠚⠐⠜⠀⠐⠣⠠⠁⠐⠜

Text:
ME-499 Final-Year Project (6CH) (90) (A)
Grade 2 Contracted Braille:
 0 0  0 0  1 1  1 0  0 0  0 1  1 1  0 1  0 1  0 0  0 0  1 1  0 0  1 0  1 0  0 0  0 0  1 1  1 0  0 1  0 0  0 0  1 1  1 0  1 0  0 1  1 0  1 1  0 1  0 0  0 0  1 0  0 1  1 1  0 0  0 0  1 0  0 0  0 1  0 0  0 0  1 0  0 1  0 1  0 1  0 0  0 1  0 0  0 0  1 0  0 0  1 0  0 0  0 1 
 0 0  0 0  0 0  0 1  0 0  0 1  0 1  1 0  1 0  0 0  0 0  1 0  0 1  0 0  1 0  0 0  0 0  0 1  0 1  0 1  0 0  0 0  1 0  1 1  0 1  1 1  0 1  0 0  1 1  0 0  0 1  1 0  0 1  1 0  0 0  0 0  0 0  0 1  0 1  0 0  0 1  1 0  0 1  1 0  1 1  0 1  0 1  0 0  0 1  1 0  0 0  0 0  0 1  0 1 
 0 1  0 1  1 0  0 0  1 1  1 1  0 0  0 0  0 0  0 0  0 1  0 0  1 0  0 0  1 0  1 1  0 1  1 1  0 0  1 0  0 0  0 1  1 0  1 0  1 0  0 0  0 0  0 0  1 0  0 0  0 0  0 1  1 1  0 0  0 1  0 1  0 1  0 0  1 0  0 0  0 0  0 1  1 1  0 0  0 0  0 0  1 0  0 0  0 0  0 1  0 1  0 0  0 0  1 0 

⠠⠠⠍⠑⠤⠼⠙⠊⠊⠀⠠⠋⠔⠁⠇⠤⠠⠽⠑⠜⠀⠠⠏⠗⠕⠚⠑⠉⠞⠀⠐⠣⠼⠋⠠⠠⠉⠓⠐⠜⠀⠐⠣⠼⠊⠚⠐⠜⠀⠐⠣⠠⠁⠐⠜

Text:
The quick brown fox jumps over a lazy dog.
Grade 1 Uncontracted Braille:
 0 0  0 1  1 0  1 0  0 0  1 1  1 0  0 1  1 1  1 0  0 0  1 0  1 0  1 0  0 1  1 1  0 0  1 1  1 0  1 1  0 0  0 1  1 0  1 1  1 1  0 1  0 0  1 0  1 0  1 0  1 0  0 0  1 0  0 0  1 0  1 0  1 0  1 1  0 0  1 1  1 0  1 1  0 0 
 0 0  1 1  1 1  0 1  0 0  1 1  0 0  1 0  0 0  0 0  0 0  1 0  1 1  0 1  1 1  0 1  0 0  1 0  0 1  0 0  0 0  1 1  0 0  0 0  1 0  1 0  0 0  0 1  1 0  0 1  1 1  0 0  0 0  0 0  1 0  0 0  0 1  0 1  0 0  0 1  0 1  1 1  1 1 
 0 1  1 0  0 0  0 0  0 0  1 0  1 1  0 0  0 0  1 0  0 0  0 0  1 0  1 0  0 1  1 0  0 0  0 0  1 0  1 1  0 0  0 0  1 1  1 0  1 0  1 0  0 0  1 0  1 1  0 0  1 0  0 0  0 0  0 0  1 0  0 0  1 1  1 1  0 0  0 0  1 0  0 0  0 1 

⠠⠞⠓⠑⠀⠟⠥⠊⠉⠅⠀⠃⠗⠕⠺⠝⠀⠋⠕⠭⠀⠚⠥⠍⠏⠎⠀⠕⠧⠑⠗⠀⠁⠀⠇⠁⠵⠽⠀⠙⠕⠛⠲

Text:
The quick brown fox jumps over a lazy dog.
Grade 2 Contracted Braille:
 0 0  0 1  0 0  1 1  1 0  0 0  1 0  1 0  0 1  1 1  0 0  1 1  1 0  1 1  0 0  0 1  1 0  1 1  1 1  0 1  0 0  1 0  1 0  1 1  0 0  1 0  0 0  1 0  1 0  1 0  1 1  0 0  1 1  1 0  1 1  0 0 
 0 0  1 0  0 0  1 1  0 0  0 0  1 0  1 1  1 0  0 1  0 0  1 0  0 1  0 0  0 0  1 1  0 0  0 0  1 0  1 0  0 0  0 1  1 0  1 1  0 0  0 0  0 0  1 0  0 0  0 1  0 1  0 0  0 1  0 1  1 1  1 1 
 0 1  1 1  0 0  1 0  1 0  0 0  0 0  1 0  0 1  1 0  0 0  0 0  1 0  1 1  0 0  0 0  1 1  1 0  1 0  1 0  0 0  1 0  1 1  0 1  0 0  0 0  0 0  1 0  0 0  1 1  1 1  0 0  0 0  1 0  0 0  0 1 

⠠⠮⠀⠟⠅⠀⠃⠗⠪⠝⠀⠋⠕⠭⠀⠚⠥⠍⠏⠎⠀⠕⠧⠻⠀⠁⠀⠇⠁⠵⠽⠀⠙⠕⠛⠲

Text:
This is not the time, to say goodbyeeee :(
Grade 1 Uncontracted Braille:
 0 0  0 1  1 0  0 1  0 1  0 0  0 1  0 1  0 0  1 1  1 0  0 1  0 0  0 1  1 0  1 0  0 0  0 1  0 1  1 1  1 0  0 0  0 0  0 1  1 0  0 0  0 1  1 0  1 1  0 0  1 1  1 0  1 0  1 1  1 0  1 1  1 0  1 0  1 0  1 0  0 0  0 0  0 0  1 0 
 0 0  1 1  1 1  1 0  1 0  0 0  1 0  1 0  0 0  0 1  0 1  1 1  0 0  1 1  1 1  0 1  0 0  1 1  1 0  0 0  0 1  1 0  0 0  1 1  0 1  0 0  1 0  0 0  0 1  0 0  1 1  0 1  0 1  0 1  1 0  0 1  0 1  0 1  0 1  0 1  0 0  1 1  0 1  1 0 
 0 1  1 0  0 0  0 0  1 0  0 0  0 0  1 0  0 0  1 0  1 0  1 0  0 0  1 0  0 0  0 0  0 0  1 0  0 0  1 0  0 0  0 0  0 0  1 0  1 0  0 0  1 0  0 0  1 1  0 0  0 0  1 0  1 0  0 0  0 0  1 1  0 0  0 0  0 0  0 0  0 0  0 0  0 0  0 1 

⠠⠞⠓⠊⠎⠀⠊⠎⠀⠝⠕⠞⠀⠞⠓⠑⠀⠞⠊⠍⠑⠂⠀⠞⠕⠀⠎⠁⠽⠀⠛⠕⠕⠙⠃⠽⠑⠑⠑⠑⠀⠒⠐⠣

Text:
This is not the time, to say goodbyeeee :(
Grade 2 Contracted Braille:
 0 0  1 1  0 0  0 1  0 1  0 0  1 1  0 0  0 1  0 0  0 0  0 1  0 0  0 0  0 1  1 0  0 0  0 1  1 0  1 1  0 0  1 1  1 1  1 0  1 1  1 0  1 0  1 0  1 0  0 0  0 0  0 0  1 0 
 0 0  0 1  0 0  1 0  1 0  0 0  0 1  0 0  1 0  0 0  0 1  1 0  1 0  0 0  1 1  0 1  0 0  1 0  0 0  0 1  0 0  1 1  0 1  1 0  0 1  0 1  0 1  0 1  0 1  0 0  1 1  0 1  1 0 
 0 1  0 1  0 0  0 0  1 0  0 0  1 0  0 0  1 1  0 0  0 0  1 0  0 0  0 0  1 0  1 0  0 0  1 0  0 0  1 1  0 0  0 0  0 0  0 0  1 1  0 0  0 0  0 0  0 0  0 0  0 0  0 0  0 1 

⠠⠹⠀⠊⠎⠀⠝⠀⠮⠀⠐⠞⠂⠀⠞⠕⠀⠎⠁⠽⠀⠛⠙⠃⠽⠑⠑⠑⠑⠀⠒⠐⠣