Text:
ME-499 Final-Year Project (6CH) (90) (A)

Grade 1 Uncontracted Braille:
 0 0  0 0  1 1  1 0  0 0  0 1  1 1  0 1  0 1  0 0  0 0  1 1  0 1  1 1  1 0  1 0  0 0  0 0  1 1  1 0  1 0  1 0  0 0  0 0  1 1  1 0  1 0  0 1  1 0  1 1  0 1  0 0  0 0  1 0  0 1  1 1  0 0  0 0  1 1  1 0  0 0  0 1  0 0  0 0  1 0  0 1  0 1  0 1  0 0  0 1  0 0  0 0  1 0  0 0  1 0  0 0  0 1 
 0 0  0 0  0 0  0 1  0 0  0 1  0 1  1 0  1 0  0 0  0 0  1 0  1 0  0 1  0 0  1 0  0 0  0 0  0 1  0 1  0 0  1 1  0 0  0 0  1 0  1 1  0 1  1 1  0 1  0 0  1 1  0 0  0 1  1 0  0 1  1 0  0 0  0 0  0 0  1 1  0 1  0 1  0 0  0 1  1 0  0 1  1 0  1 1  0 1  0 1  0 0  0 1  1 0  0 0  0 0  0 1  0 1 
 0 1  0 1  1 0  0 0  1 1  1 1  0 0  0 0  0 0  0 0  0 1  0 0  0 0  1 0  0 0  1 0  1 1  0 1  1 1  0 0  0 0  1 0  0 0  0 1  1 0  1 0  1 0  0 0  0 0  0 0  1 0  0 0  0 0  0 1  1 1  0 0  0 1  0 1  0 0  0 0  0 0  1 0  0 0  0 0  0 1  1 1  0 0  0 0  0 0  1 0  0 0  0 0  0 1  0 1  0 0  0 0  1 0 
  ⠠    ⠠    ⠍    ⠑    ⠤    ⠼    ⠙    ⠊    ⠊    ⠀    ⠠    ⠋    ⠊    ⠝    ⠁    ⠇    ⠤    ⠠    ⠽    ⠑    ⠁    ⠗    ⠀    ⠠    ⠏    ⠗    ⠕    ⠚    ⠑    ⠉    ⠞    ⠀    ⠐    ⠣    ⠼    ⠋    ⠠    ⠠    ⠉    ⠓    ⠐    ⠜    ⠀    ⠐    ⠣    ⠼    ⠊    ⠚    ⠐    ⠜    ⠀    ⠐    ⠣    ⠠    ⠁    ⠐    ⠜  

⠠⠠⠍⠑⠤⠼⠙⠊⠊⠀⠠⠋⠊⠝⠁⠇⠤⠠⠽⠑⠁⠗⠀⠠⠏⠗⠕⠚⠑⠉⠞⠀⠐⠣⠼⠋⠠⠠⠉⠓⠐⠜⠀⠐⠣⠼⠊⠚⠐⠜⠀⠐⠣⠠⠁⠐⠜
⠠⠠⠍⠑⠤⠼⠙⠊⠊⠀⠠⠋⠊⠝⠁⠇⠤⠠⠽⠑⠁⠗⠀⠠⠏⠗⠕⠚⠑⠉⠞⠀⠐⠣⠼⠋⠠⠠⠉⠓⠐⠜⠀⠐⠣⠼⠊⠚⠐⠜⠀⠐⠣⠠⠁⠐⠜


Text:
ME-499 Final-Year Project (6CH) (90) (A)

Grade 2 Contracted Braille:
 0 0  0 0  1 1  1 0  0 0  0 1  1 1  0 1  0 1  0 0  0 0  1 1  0 0  1 0  1 0  0 0  0 0  1 1  1 0  0 1  0 0  0 0  1 1  1 0  1 0  0 1  1 0  1 1  0 1  0 0  0 0  1 0  0 1  1 1  0 0  0 0  1 1  1 0  0 0  0 1  0 0  0 0  1 0  0 1  0 1  0 1  0 0  0 1  0 0  0 0  1 0  0 0  1 0  0 0  0 1 
 0 0  0 0  0 0  0 1  0 0  0 1  0 1  1 0  1 0  0 0  0 0  1 0  0 1  0 0  1 0  0 0  0 0  0 1  0 1  0 1  0 0  0 0  1 0  1 1  0 1  1 1  0 1  0 0  1 1  0 0  0 1  1 0  0 1  1 0  0 0  0 0  0 0  1 1  0 1  0 1  0 0  0 1  1 0  0 1  1 0  1 1  0 1  0 1  0 0  0 1  1 0  0 0  0 0  0 1  0 1 
 0 1  0 1  1 0  0 0  1 1  1 1  0 0  0 0  0 0  0 0  0 1  0 0  1 0  0 0  1 0  1 1  0 1  1 1  0 0  1 0  0 0  0 1  1 0  1 0  1 0  0 0  0 0  0 0  1 0  0 0  0 0  0 1  1 1  0 0  0 1  0 1  0 0  0 0  0 0  1 0  0 0  0 0  0 1  1 1  0 0  0 0  0 0  1 0  0 0  0 0  0 1  0 1  0 0  0 0  1 0 
  ⠠    ⠠    ⠍    ⠑    ⠤    ⠼    ⠙    ⠊    ⠊    ⠀    ⠠    ⠋    ⠔    ⠁    ⠇    ⠤    ⠠    ⠽    ⠑    ⠜    ⠀    ⠠    ⠏    ⠗    ⠕    ⠚    ⠑    ⠉    ⠞    ⠀    ⠐    ⠣    ⠼    ⠋    ⠠    ⠠    ⠉    ⠓    ⠐    ⠜    ⠀    ⠐    ⠣    ⠼    ⠊    ⠚    ⠐    ⠜    ⠀    ⠐    ⠣    ⠠    ⠁    ⠐    ⠜  

⠠⠠⠍⠑⠤⠼⠙⠊⠊⠀⠠⠋⠔⠁⠇⠤⠠⠽⠑⠜⠀⠠⠏⠗⠕⠚⠑⠉⠞⠀⠐⠣⠼⠋⠠⠠⠉⠓⠐⠜⠀⠐⠣⠼⠊⠚⠐⠜⠀⠐⠣⠠⠁⠐⠜
⠠⠠⠍⠑⠤⠼⠙⠊⠊⠀⠠⠋⠔⠁⠇⠤⠠⠽⠑⠜⠀⠠⠏⠗⠕⠚⠑⠉⠞⠀⠐⠣⠼⠋⠠⠠⠉⠓⠐⠜⠀⠐⠣⠼⠊⠚⠐⠜⠀⠐⠣⠠⠁⠐⠜


Text:
The quick brown fox jumps over a lazy dog.

Grade 1 Uncontracted Braille:
 0 0  0 1  1 0  1 0  0 0  1 1  1 0  0 1  1 1  1 0  0 0  1 0  1 0  1 0  0 1  1 1  0 0  1 1  1 0  1 1  0 0  0 1  1 0  1 1  1 1  0 1  0 0  1 0  1 0  1 0  1 0  0 0  1 0  0 0  1 0  1 0  1 0  1 1  0 0  1 1  1 0  1 1  0 0 
 0 0  1 1  1 1  0 1  0 0  1 1  0 0  1 0  0 0  0 0  0 0  1 0  1 1  0 1  1 1  0 1  0 0  1 0  0 1  0 0  0 0  1 1  0 0  0 0  1 0  1 0  0 0  0 1  1 0  0 1  1 1  0 0  0 0  0 0  1 0  0 0  0 1  0 1  0 0  0 1  0 1  1 1  1 1 
 0 1  1 0  0 0  0 0  0 0  1 0  1 1  0 0  0 0  1 0  0 0  0 0  1 0  1 0  0 1  1 0  0 0  0 0  1 0  1 1  0 0  0 0  1 1  1 0  1 0  1 0  0 0  1 0  1 1  0 0  1 0  0 0  0 0  0 0  1 0  0 0  1 1  1 1  0 0  0 0  1 0  0 0  0 1 
  ⠠    ⠞    ⠓    ⠑    ⠀    ⠟    ⠥    ⠊    ⠉    ⠅    ⠀    ⠃    ⠗    ⠕    ⠺    ⠝    ⠀    ⠋    ⠕    ⠭    ⠀    ⠚    ⠥    ⠍    ⠏    ⠎    ⠀    ⠕    ⠧    ⠑    ⠗    ⠀    ⠁    ⠀    ⠇    ⠁    ⠵    ⠽    ⠀    ⠙    ⠕    ⠛    ⠲  

⠠⠞⠓⠑⠀⠟⠥⠊⠉⠅⠀⠃⠗⠕⠺⠝⠀⠋⠕⠭⠀⠚⠥⠍⠏⠎⠀⠕⠧⠑⠗⠀⠁⠀⠇⠁⠵⠽⠀⠙⠕⠛⠲
⠠⠞⠓⠑⠀⠟⠥⠊⠉⠅⠀⠃⠗⠕⠺⠝⠀⠋⠕⠭⠀⠚⠥⠍⠏⠎⠀⠕⠧⠑⠗⠀⠁⠀⠇⠁⠵⠽⠀⠙⠕⠛⠲

Text:
The quick brown fox jumps over a lazy dog.

Grade 2 Contracted Braille:
 0 0  0 1  0 0  1 1  1 0  0 0  1 0  1 0  0 1  1 1  0 0  1 1  1 0  1 1  0 0  0 1  1 0  1 1  1 1  0 1  0 0  1 0  1 0  1 1  0 0  1 0  0 0  1 0  1 0  1 0  1 1  0 0  1 1  1 0  1 1  0 0 
 0 0  1 0  0 0  1 1  0 0  0 0  1 0  1 1  1 0  0 1  0 0  1 0  0 1  0 0  0 0  1 1  0 0  0 0  1 0  1 0  0 0  0 1  1 0  1 1  0 0  0 0  0 0  1 0  0 0  0 1  0 1  0 0  0 1  0 1  1 1  1 1 
 0 1  1 1  0 0  1 0  1 0  0 0  0 0  1 0  0 1  1 0  0 0  0 0  1 0  1 1  0 0  0 0  1 1  1 0  1 0  1 0  0 0  1 0  1 1  0 1  0 0  0 0  0 0  1 0  0 0  1 1  1 1  0 0  0 0  1 0  0 0  0 1 
  ⠠    ⠮    ⠀    ⠟    ⠅    ⠀    ⠃    ⠗    ⠪    ⠝    ⠀    ⠋    ⠕    ⠭    ⠀    ⠚    ⠥    ⠍    ⠏    ⠎    ⠀    ⠕    ⠧    ⠻    ⠀    ⠁    ⠀    ⠇    ⠁    ⠵    ⠽    ⠀    ⠙    ⠕    ⠛    ⠲  

⠠⠮⠀⠟⠅⠀⠃⠗⠪⠝⠀⠋⠕⠭⠀⠚⠥⠍⠏⠎⠀⠕⠧⠻⠀⠁⠀⠇⠁⠵⠽⠀⠙⠕⠛⠲
⠠⠮⠀⠟⠅⠀⠃⠗⠪⠝⠀⠋⠕⠭⠀⠚⠥⠍⠏⠎⠀⠕⠧⠻⠀⠁⠀⠇⠁⠵⠽⠀⠙⠕⠛⠲
⠠⠞⠓⠑⠀⠟⠅⠀⠃⠗⠪⠝⠀⠋⠕⠭⠀⠚⠥⠍⠏⠎⠀⠕⠧⠻⠀⠁⠀⠇⠁⠵⠽⠀⠙⠕⠛⠲

WORDSIGNS

ALPHABETIC
⠃⠀⠉⠀⠙⠀⠑⠀⠋⠀⠛⠀⠓⠀⠚⠀⠅⠀⠇⠀⠍⠀⠝⠀⠏⠀⠟⠀⠗⠀⠎⠀⠞⠀⠥⠀⠧⠀⠺⠀⠭⠀⠽⠀⠵
⠃⠀⠉⠀⠙⠀⠑⠀⠋⠀⠛⠀⠓⠀⠚⠀⠅⠀⠇⠀⠍⠀⠝⠀⠏⠀⠟⠀⠗⠀⠎⠀⠞⠀⠥⠀⠧⠀⠺⠀⠭⠀⠽⠀⠵

STRONG AND LOWER
⠡⠀⠩⠀⠹⠀⠱⠀⠳⠀⠌⠀⠆⠀⠢⠀⠶⠀⠦⠀⠔⠀⠴
⠡⠀⠩⠀⠹⠀⠱⠀⠳⠀⠌⠀⠆⠀⠢⠀⠶⠀⠦⠀⠔⠀⠴

CONTRACTIONS

⠐⠙⠀⠐⠑⠀⠐⠋⠀⠐⠓⠀⠐⠅⠀⠐⠇⠀⠐⠍⠀⠐⠝⠀⠐⠕⠀⠐⠏⠀⠐⠟⠀⠐⠗⠀⠐⠎⠀⠐⠞⠀⠐⠥⠀⠐⠺⠀⠐⠽⠀⠐⠮⠀⠐⠡⠀⠐⠹⠀⠐⠱ (where)⠀⠐⠳⠀⠘⠥⠀⠘⠺⠀⠘⠮⠀⠘⠹⠀⠘⠱⠀⠸⠉⠀⠸⠓⠀⠸⠍⠀⠸⠎⠀⠸⠺⠀⠸⠮
⠐⠙⠀⠐⠑⠀⠐⠋⠀⠐⠓⠀⠐⠅⠀⠐⠇⠀⠐⠍⠀⠐⠝⠀⠐⠕⠀⠐⠏⠀⠐⠟⠀⠐⠗⠀⠐⠎⠀⠐⠞⠀⠐⠥⠀⠐⠺⠀⠐⠽⠀⠐⠮⠀⠐⠡⠀⠐⠹⠀⠺⠐⠓⠀       ⠐⠳⠀⠘⠥⠀⠘⠺⠀⠘⠮⠀⠘⠹⠀⠘⠱⠀⠸⠉⠀⠸⠓⠀⠸⠍⠀⠸⠎⠀⠸⠺⠀⠸⠮

SHORTFORM WORDS

⠠⠮⠀⠟⠅⠀⠃⠗⠪⠝⠀⠋⠕⠭⠀⠚⠥⠍⠏⠎⠀⠕⠧⠻⠀⠁⠀⠇⠁⠵⠽⠀⠙⠕⠛⠲
⠠⠮⠀⠟⠅⠀⠃⠗⠪⠝⠀⠋⠕⠭⠀⠚⠥⠍⠏⠎⠀⠕⠧⠻⠀⠁⠀⠇⠁⠵⠽⠀⠙⠕⠛⠲


⠁⠃⠀⠁⠃⠧⠀⠁⠉⠀⠁⠉⠗⠀⠁⠋⠀⠁⠋⠝⠀⠁⠋⠺⠀⠁⠛⠀⠁⠛⠌⠀⠁⠇⠍⠀⠁⠇⠗⠀⠁⠇⠀⠁⠇⠹⠀⠁⠇⠞⠀⠁⠇⠺⠀⠆⠉
⠁⠃⠀⠁⠃⠧⠀⠁⠉⠀⠁⠉⠗⠀⠁⠋⠀⠁⠋⠝⠀⠁⠋⠺⠀⠁⠛⠀⠁⠛⠌⠀⠁⠇⠍⠀⠁⠇⠗⠀⠁⠇⠀⠁⠇⠹⠀⠁⠇⠞⠀⠁⠇⠺⠀⠆⠉

⠆⠋⠀⠆⠓⠀⠆⠇⠀⠆⠝⠀⠆⠎⠀⠆⠞⠀⠆⠽⠀⠃⠇⠀⠃⠗⠇⠀⠡⠝⠀⠒⠉⠧⠀⠒⠉⠧⠛⠀⠉⠙⠀⠙⠉⠧⠀⠙⠉⠧⠛⠀⠙⠉⠇⠀⠙⠉⠇⠛⠀⠑⠊⠀⠋⠌⠀⠋⠗⠀⠛⠙⠀⠛⠗⠞
⠆⠋⠀⠆⠓⠀⠆⠇⠀⠆⠝⠀⠆⠎⠀⠆⠞⠀⠆⠽⠀⠃⠇⠀⠃⠗⠇⠀⠡⠝⠀⠒⠉⠧⠀⠒⠉⠧⠛⠀⠉⠙⠀⠙⠉⠧⠀⠙⠉⠧⠛⠀⠙⠉⠇⠀⠙⠉⠇⠛⠀⠑⠊⠀⠋⠌⠀⠋⠗⠀⠛⠙⠀⠛⠗⠞

⠓⠻⠋⠀⠓⠍⠀⠓⠍⠋⠀⠊⠍⠍⠀⠭⠎⠀⠭⠋⠀⠇⠗⠀⠇⠇⠀⠍⠡⠀⠍⠌⠀⠍⠽⠋⠀⠝⠑⠉⠀⠝⠑⠊⠀⠐⠕⠋⠀⠳⠗⠧⠎⠀⠏⠙⠀⠏⠻⠉⠧⠀⠏⠻⠉⠧⠛⠀⠏⠻⠓⠀⠟⠅⠀⠗⠉⠧⠀⠗⠉⠧⠛⠀⠗⠚⠉⠀⠗⠚⠉⠛
⠓⠻⠋⠀⠓⠍⠀⠓⠍⠋⠀⠊⠍⠍⠀⠭⠎⠀⠭⠋⠀⠇⠗⠀⠇⠇⠀⠍⠡⠀⠍⠌⠀⠍⠽⠋⠀⠝⠑⠉⠀⠝⠑⠊⠀⠐⠕⠋⠀⠳⠗⠧⠎⠀⠏⠙⠀⠏⠻⠉⠧⠀⠏⠻⠉⠧⠛⠀⠏⠻⠓⠀⠟⠅⠀⠗⠉⠧⠀⠗⠉⠧⠛⠀⠗⠚⠉⠀⠗⠚⠉⠛

⠎⠙⠀⠩⠙⠀⠎⠡⠀⠮⠍⠧⠎⠀⠹⠽⠋⠀⠞⠙⠀⠞⠛⠗⠀⠞⠍⠀⠞⠝⠀⠺⠙⠀⠽⠗⠀⠽⠗⠋⠀⠽⠗⠧⠎
⠎⠙⠀⠩⠙⠀⠎⠡⠀⠮⠍⠧⠎⠀⠹⠽⠋⠀⠞⠙⠀⠞⠛⠗⠀⠞⠍⠀⠞⠝⠀⠺⠙⠀⠽⠗⠀⠽⠗⠋⠀⠽⠗⠧⠎


FINAL LETTER GROUPSIGNS

⠳⠝⠙⠀⠁⠝⠉⠑⠀⠎⠊⠕⠝⠀⠇⠑⠎⠎⠀⠳⠝⠞⠀⠢⠉⠑⠀⠕⠝⠛⠀⠋⠥⠇⠀⠞⠊⠕⠝⠀⠝⠑⠎⠎⠀⠍⠢⠞⠀⠊⠞⠽
⠳⠝⠙⠀⠁⠝⠉⠑⠀⠎⠊⠕⠝⠀⠇⠑⠎⠎⠀⠳⠝⠞⠀⠢⠉⠑⠀⠕⠝⠛⠀⠋⠥⠇⠀⠞⠊⠕⠝⠀⠝⠑⠎⠎⠀⠍⠢⠞⠀⠊⠞⠽



ALPHANUMERIC


Text:
‎1234567890abcdefghijklmnopqrstuvxyz‎‎‎‎wABCDEFGHIJKLMNOPQRSTUVXYZ‎‎‎‎W

Grade 1 Uncontracted Braille:
 0 0  0 1  1 0  1 0  1 1  1 1  1 0  1 1  1 1  1 0  0 1  0 1  1 0  1 0  1 1  1 1  1 0  1 1  1 1  1 0  0 1  0 1  1 0  1 0  1 1  1 1  1 0  1 1  1 1  1 0  0 1  0 1  1 0  1 0  1 1  1 1  1 0  0 0  0 0  0 0  0 0  0 1  0 0  0 0  1 0  1 0  1 1  1 1  1 0  1 1  1 1  1 0  0 1  0 1  1 0  1 0  1 1  1 1  1 0  1 1  1 1  1 0  0 1  0 1  1 0  1 0  1 1  1 1  1 0  0 0  0 0  0 0  0 0  0 0  0 1 
 0 0  0 1  0 0  1 0  0 0  0 1  0 1  1 0  1 1  1 1  1 0  1 1  0 0  1 0  0 0  0 1  0 1  1 0  1 1  1 1  1 0  1 1  0 0  1 0  0 0  0 1  0 1  1 0  1 1  1 1  1 0  1 1  0 0  1 0  0 0  0 1  0 1  0 0  0 0  0 0  0 0  1 1  0 0  0 0  0 0  1 0  0 0  0 1  0 1  1 0  1 1  1 1  1 0  1 1  0 0  1 0  0 0  0 1  0 1  1 0  1 1  1 1  1 0  1 1  0 0  1 0  0 0  0 1  0 1  0 0  0 0  0 0  0 0  0 0  1 1 
 0 0  1 1  0 0  0 0  0 0  0 0  0 0  0 0  0 0  0 0  0 0  0 0  0 0  0 0  0 0  0 0  0 0  0 0  0 0  0 0  0 0  0 0  1 0  1 0  1 0  1 0  1 0  1 0  1 0  1 0  1 0  1 0  1 1  1 1  1 1  1 1  1 1  0 0  0 0  0 0  0 0  0 1  0 1  0 1  0 0  0 0  0 0  0 0  0 0  0 0  0 0  0 0  0 0  0 0  1 0  1 0  1 0  1 0  1 0  1 0  1 0  1 0  1 0  1 0  1 1  1 1  1 1  1 1  1 1  0 0  0 0  0 0  0 0  0 1  0 1 
  ⠀    ⠼    ⠁    ⠃    ⠉    ⠙    ⠑    ⠋    ⠛    ⠓    ⠊    ⠚    ⠁    ⠃    ⠉    ⠙    ⠑    ⠋    ⠛    ⠓    ⠊    ⠚    ⠅    ⠇    ⠍    ⠝    ⠕    ⠏    ⠟    ⠗    ⠎    ⠞    ⠥    ⠧    ⠭    ⠽    ⠵    ⠀    ⠀    ⠀    ⠀    ⠺    ⠠    ⠠    ⠁    ⠃    ⠉    ⠙    ⠑    ⠋    ⠛    ⠓    ⠊    ⠚    ⠅    ⠇    ⠍    ⠝    ⠕    ⠏    ⠟    ⠗    ⠎    ⠞    ⠥    ⠧    ⠭    ⠽    ⠵    ⠀    ⠀    ⠀    ⠀    ⠠    ⠺  

⠼⠁⠃⠉⠙⠑⠋⠛⠓⠊⠚⠁⠃⠉⠙⠑⠋⠛⠓⠊⠚⠅⠇⠍⠝⠕⠏⠟⠗⠎⠞⠥⠧⠭⠽⠵⠺⠠⠠⠁⠃⠉⠙⠑⠋⠛⠓⠊⠚⠅⠇⠍⠝⠕⠏⠟⠗⠎⠞⠥⠧⠭⠽⠵⠠⠺
‎⠼⠁⠃⠉⠙⠑⠋⠛⠓⠊⠚⠁⠃⠉⠙⠑⠋⠛⠓⠊⠚⠅⠇⠍⠝⠕⠏⠟⠗⠎⠞⠥⠧⠭⠽⠵‎‎‎‎⠺⠠⠠⠁⠃⠉⠙⠑⠋⠛⠓⠊⠚⠅⠇⠍⠝⠕⠏⠟⠗⠎⠞⠥⠧⠭⠽⠵‎‎‎‎⠠⠺

Text:
‎1234567890abcdefghijklmnopqrstuvxyz‎‎‎‎wABCDEFGHIJKLMNOPQRSTUVXYZ‎‎‎‎W

Grade 2 Contracted Braille:
 0 0  0 1  1 0  1 0  1 1  1 1  1 0  1 1  1 1  1 0  0 1  0 1  1 0  1 0  1 1  1 1  1 0  1 1  1 0  0 1  0 1  1 0  1 0  1 1  1 1  1 0  1 1  1 1  1 0  0 1  1 0  1 0  1 1  1 1  1 0  0 0  0 0  0 0  0 0  0 1  0 0  1 0  0 0  1 0  0 0  1 1  0 0  1 1  0 0  1 0  0 0  1 1  0 0  1 1  0 0  1 0  0 0  0 1  0 0  0 1  0 0  1 0  0 0  1 0  0 0  1 1  0 0  1 1  0 0  1 0  0 0  1 1  0 0  1 1  0 0  1 0  0 0  0 1  0 0  0 1  0 0  1 0  0 0  1 0  0 0  1 1  0 0  1 1  0 0  1 0  0 0  0 0  0 0  0 0 
 0 0  0 1  0 0  1 0  0 0  0 1  0 1  1 0  1 1  1 1  1 0  1 1  0 0  1 0  0 0  0 1  0 1  1 0  1 0  1 0  1 1  0 0  1 0  0 0  0 1  0 1  1 0  1 1  1 1  0 0  0 0  1 0  0 0  0 1  0 1  0 0  0 0  0 0  0 0  1 1  0 0  0 0  0 0  1 0  0 0  0 0  0 0  0 1  0 0  0 1  0 0  1 0  0 0  1 1  0 0  1 1  0 0  1 0  0 0  1 1  0 0  0 0  0 0  1 0  0 0  0 0  0 0  0 1  0 0  0 1  0 0  1 0  0 0  1 1  0 0  1 1  0 0  1 0  0 0  1 1  0 0  0 0  0 0  1 0  0 0  0 0  0 0  0 1  0 0  0 1  0 0  0 0  0 0  0 0 
 0 0  1 1  0 0  0 0  0 0  0 0  0 0  0 0  0 0  0 0  0 0  0 0  0 0  0 0  0 0  0 0  0 0  0 0  0 1  0 0  0 0  1 0  1 0  1 0  1 0  1 0  1 0  1 0  1 0  1 0  1 1  1 1  1 1  1 1  1 1  0 0  0 0  0 0  0 0  0 1  0 1  0 0  0 1  0 0  0 1  0 0  0 1  0 0  0 1  0 0  0 1  0 0  0 1  0 0  0 1  0 0  0 1  0 0  0 1  0 0  0 1  1 0  0 1  1 0  0 1  1 0  0 1  1 0  0 1  1 0  0 1  1 0  0 1  1 0  0 1  1 0  0 1  1 0  0 1  1 0  0 1  1 1  0 1  1 1  0 1  1 1  0 1  1 1  0 1  1 1  0 0  0 0  0 0  0 0 
  ⠀    ⠼    ⠁    ⠃    ⠉    ⠙    ⠑    ⠋    ⠛    ⠓    ⠊    ⠚    ⠁    ⠃    ⠉    ⠙    ⠑    ⠋    ⠣    ⠊    ⠚    ⠅    ⠇    ⠍    ⠝    ⠕    ⠏    ⠟    ⠗    ⠌    ⠥    ⠧    ⠭    ⠽    ⠵    ⠀    ⠀    ⠀    ⠀    ⠺    ⠠    ⠁    ⠠    ⠃    ⠠    ⠉    ⠠    ⠙    ⠠    ⠑    ⠠    ⠋    ⠠    ⠛    ⠠    ⠓    ⠠    ⠊    ⠠    ⠚    ⠠    ⠅    ⠠    ⠇    ⠠    ⠍    ⠠    ⠝    ⠠    ⠕    ⠠    ⠏    ⠠    ⠟    ⠠    ⠗    ⠠    ⠎    ⠠    ⠞    ⠠    ⠥    ⠠    ⠧    ⠠    ⠭    ⠠    ⠽    ⠠    ⠵    ⠀    ⠀    ⠀    ⠀  

⠼⠁⠃⠉⠙⠑⠋⠛⠓⠊⠚⠁⠃⠉⠙⠑⠋⠣⠊⠚⠅⠇⠍⠝⠕⠏⠟⠗⠌⠥⠧⠭⠽⠵⠺⠠⠠⠁⠃⠉⠙⠑⠋⠣⠊⠚⠅⠇⠍⠝⠕⠏⠟⠗⠌⠥⠧⠭⠽⠵⠠⠺
‎⠼⠁⠃⠉⠙⠑⠋⠛⠓⠊⠚⠁⠃⠉⠙⠑⠋⠣⠊⠚⠅⠇⠍⠝⠕⠏⠟⠗⠌⠥⠧⠭⠽⠵‎‎‎‎⠺⠠⠠⠁⠃⠉⠙⠑⠋⠣⠊⠚⠅⠇⠍⠝⠕⠏⠟⠗⠌⠥⠧⠭⠽⠵‎‎‎‎⠠⠺


Text:
Fact Check: No, A New Study Does Not Show "Being Trans Is Just A Phase"

Grade 1 Uncontracted Braille:
 0 0  1 1  1 0  1 1  0 1  0 0  0 0  1 1  1 0  1 0  1 1  1 0  0 0  0 0  0 0  1 1  1 0  0 0  0 0  0 0  1 0  0 0  0 0  1 1  1 0  0 1  0 0  0 0  0 1  0 1  1 0  1 1  1 1  0 0  0 0  1 1  1 0  1 0  0 1  0 0  0 0  1 1  1 0  0 1  0 0  0 0  0 1  1 0  1 0  0 1  0 0  0 0  0 0  1 0  1 0  0 1  1 1  1 1  0 0  0 0  0 1  1 0  1 0  1 1  0 1  0 0  0 0  0 1  0 1  0 0  0 0  0 1  1 0  0 1  0 1  0 0  0 0  1 0  0 0  0 0  1 1  1 0  1 0  0 1  1 0  0 0 
 0 0  1 0  0 0  0 0  1 1  0 0  0 0  0 0  1 1  0 1  0 0  0 0  1 1  0 0  0 0  0 1  0 1  1 0  0 0  0 0  0 0  0 0  0 0  0 1  0 1  1 1  0 0  0 0  1 0  1 1  0 0  0 1  0 1  0 0  0 0  0 1  0 1  0 1  1 0  0 0  0 0  0 1  0 1  1 1  0 0  0 0  1 0  1 1  0 1  1 1  0 0  1 0  0 0  1 0  0 1  1 0  0 1  1 1  0 0  0 0  1 1  1 1  0 0  0 1  1 0  0 0  0 0  1 0  1 0  0 0  0 0  1 1  0 0  1 0  1 1  0 0  0 0  0 0  0 0  0 0  1 0  1 1  0 0  1 0  0 1  0 1 
 0 1  0 0  0 0  0 0  1 0  0 0  0 1  0 0  0 0  0 0  0 0  1 0  0 0  0 0  0 1  1 0  1 0  0 0  0 0  0 1  0 0  0 0  0 1  1 0  0 0  0 1  0 0  0 1  1 0  1 0  1 1  0 0  1 1  0 0  0 1  0 0  1 0  0 0  1 0  0 0  0 1  1 0  1 0  1 0  0 0  0 1  1 0  0 0  1 0  0 1  0 0  1 1  0 1  0 0  0 0  0 0  1 0  0 0  0 0  0 1  1 0  1 0  0 0  1 0  1 0  0 0  0 1  0 0  1 0  0 0  0 1  0 0  1 1  1 0  1 0  0 0  0 1  0 0  0 0  0 1  1 0  0 0  0 0  1 0  0 0  1 1 
  ⠠    ⠋    ⠁    ⠉    ⠞    ⠀    ⠠    ⠉    ⠓    ⠑    ⠉    ⠅    ⠒    ⠀    ⠠    ⠝    ⠕    ⠂    ⠀    ⠠    ⠁    ⠀    ⠠    ⠝    ⠑    ⠺    ⠀    ⠠    ⠎    ⠞    ⠥    ⠙    ⠽    ⠀    ⠠    ⠙    ⠕    ⠑    ⠎    ⠀    ⠠    ⠝    ⠕    ⠞    ⠀    ⠠    ⠎    ⠓    ⠕    ⠺    ⠀    ⠦    ⠠    ⠃    ⠑    ⠊    ⠝    ⠛    ⠀    ⠠    ⠞    ⠗    ⠁    ⠝    ⠎    ⠀    ⠠    ⠊    ⠎    ⠀    ⠠    ⠚    ⠥    ⠎    ⠞    ⠀    ⠠    ⠁    ⠀    ⠠    ⠏    ⠓    ⠁    ⠎    ⠑    ⠴  

⠠⠋⠁⠉⠞⠀⠠⠉⠓⠑⠉⠅⠒⠀⠠⠝⠕⠂⠀⠠⠁⠀⠠⠝⠑⠺⠀⠠⠎⠞⠥⠙⠽⠀⠠⠙⠕⠑⠎⠀⠠⠝⠕⠞⠀⠠⠎⠓⠕⠺⠀⠦⠠⠃⠑⠊⠝⠛⠀⠠⠞⠗⠁⠝⠎⠀⠠⠊⠎⠀⠠⠚⠥⠎⠞⠀⠠⠁⠀⠠⠏⠓⠁⠎⠑⠴
⠠⠋⠁⠉⠞⠀⠠⠉⠓⠑⠉⠅⠒⠀⠠⠝⠕⠂⠀⠠⠁⠀⠠⠝⠑⠺⠀⠠⠎⠞⠥⠙⠽⠀⠠⠙⠕⠑⠎⠀⠠⠝⠕⠞⠀⠠⠎⠓⠕⠺⠀⠦⠠⠃⠑⠊⠝⠛⠀⠠⠞⠗⠁⠝⠎⠀⠠⠊⠎⠀⠠⠚⠥⠎⠞⠀⠠⠁⠀⠠⠏⠓⠁⠎⠑⠴


Text:
Fact Check: No, A New Study Does Not Show "Being Trans Is Just A Phase"

Grade 2 Contracted Braille:
 0 0  1 1  1 0  1 1  0 1  0 0  0 0  1 0  1 0  1 1  1 0  0 0  0 0  0 0  1 1  1 0  0 0  0 0  0 0  1 0  0 0  0 0  1 1  1 0  0 1  0 0  0 0  0 1  1 0  1 1  1 1  0 0  0 0  1 1  1 0  1 0  0 1  0 0  0 0  1 1  0 0  0 0  1 1  0 1  0 0  0 0  0 0  0 0  0 1  0 0  0 0  0 1  1 0  1 0  1 1  0 1  0 0  0 0  0 1  0 1  0 0  0 0  0 1  0 0  0 0  1 0  0 0  0 0  1 1  1 0  1 0  0 1  1 0  0 0 
 0 0  1 0  0 0  0 0  1 1  0 0  0 0  0 0  0 1  0 0  0 0  1 1  0 0  0 0  0 1  0 1  1 0  0 0  0 0  0 0  0 0  0 0  0 1  0 1  1 1  0 0  0 0  0 0  0 0  0 1  0 1  0 0  0 0  0 1  0 1  0 1  1 0  0 0  0 0  0 1  0 0  0 0  0 0  1 0  0 0  1 0  0 0  1 0  0 0  0 0  0 0  1 1  1 1  0 0  0 1  1 0  0 0  0 0  1 0  1 0  0 0  0 0  1 1  0 0  0 0  0 0  0 0  0 0  1 0  1 1  0 0  1 0  0 1  0 1 
 0 1  0 0  0 0  0 0  1 0  0 0  0 1  0 1  0 0  0 0  1 0  0 0  0 0  0 1  1 0  1 0  0 0  0 0  0 1  0 0  0 0  0 1  1 0  0 0  0 1  0 0  0 1  1 0  1 1  0 0  1 1  0 0  0 1  0 0  1 0  0 0  1 0  0 0  0 1  1 0  0 0  0 1  0 1  0 1  0 0  1 1  0 1  1 0  1 1  0 0  0 1  1 0  1 0  0 0  1 0  1 0  0 0  0 1  0 0  1 0  0 0  0 1  0 0  0 0  0 1  0 0  0 0  0 1  1 0  0 0  0 0  1 0  0 0  1 1 
  ⠠    ⠋    ⠁    ⠉    ⠞    ⠀    ⠠    ⠡    ⠑    ⠉    ⠅    ⠒    ⠀    ⠠    ⠝    ⠕    ⠂    ⠀    ⠠    ⠁    ⠀    ⠠    ⠝    ⠑    ⠺    ⠀    ⠠    ⠌    ⠥    ⠙    ⠽    ⠀    ⠠    ⠙    ⠕    ⠑    ⠎    ⠀    ⠠    ⠝    ⠀    ⠠    ⠩    ⠪    ⠀    ⠦    ⠠    ⠆    ⠬    ⠀    ⠠    ⠞    ⠗    ⠁    ⠝    ⠎    ⠀    ⠠    ⠊    ⠎    ⠀    ⠠    ⠚    ⠀    ⠠    ⠁    ⠀    ⠠    ⠏    ⠓    ⠁    ⠎    ⠑    ⠴  

⠠⠋⠁⠉⠞⠀⠠⠡⠑⠉⠅⠒⠀⠠⠝⠕⠂⠀⠠⠁⠀⠠⠝⠑⠺⠀⠠⠌⠥⠙⠽⠀⠠⠙⠕⠑⠎⠀⠠⠝⠀⠠⠩⠪⠀⠦⠠⠆⠬⠀⠠⠞⠗⠁⠝⠎⠀⠠⠊⠎⠀⠠⠚⠀⠠⠁⠀⠠⠏⠓⠁⠎⠑⠴
⠠⠋⠁⠉⠞⠀⠠⠡⠑⠉⠅⠒⠀⠠⠝⠕⠂⠀⠠⠁⠀⠠⠝⠑⠺⠀⠠⠌⠥⠙⠽⠀⠠⠙⠕⠑⠎⠀⠠⠝⠀⠠⠩⠪⠀⠦⠠⠆⠬⠀⠠⠞⠗⠁⠝⠎⠀⠠⠊⠎⠀⠠⠚⠀⠠⠁⠀⠠⠏⠓⠁⠎⠑⠴

Text:
if a beautiful trans woman was absolutely demolishing a pizza in front of me i too would be enraptured

Grade 2 Contracted Braille:
 0 1  1 1  0 0  1 0  0 0  1 0  0 0  1 0  0 1  0 1  0 0  1 0  0 0  0 1  1 0  1 0  1 1  0 1  0 0  0 1  1 0  1 1  1 0  1 1  0 0  0 0  0 0  1 0  1 0  0 1  1 0  1 0  1 0  0 1  1 0  1 0  1 1  0 0  1 1  1 0  1 1  1 0  1 0  0 1  1 1  0 1  0 0  1 0  0 0  1 1  0 1  1 0  1 0  1 0  0 0  0 0  0 0  1 1  1 0  1 0  1 1  0 1  0 0  1 0  0 0  1 1  1 0  0 0  0 1  0 0  0 1  1 0  1 0  0 0  0 1  1 1  0 0  0 0  0 0  0 0  1 0  1 0  1 1  0 1  1 0  1 0  1 1 
 1 0  1 0  0 0  0 0  0 0  1 0  1 0  0 0  1 1  1 0  0 1  1 0  0 0  1 1  1 1  0 0  0 1  1 0  0 0  1 1  0 1  0 0  0 0  0 1  0 0  0 1  0 0  0 0  1 0  1 0  0 1  1 0  0 0  1 1  0 1  1 0  0 1  0 0  0 1  0 1  0 0  0 1  1 0  1 0  0 0  0 0  0 0  0 0  0 0  1 0  1 0  0 1  0 1  0 0  0 0  0 1  0 0  1 0  1 1  0 1  0 1  1 1  0 0  1 1  0 0  0 0  0 1  0 0  1 0  0 0  1 1  0 1  0 1  0 0  1 1  0 1  0 0  1 0  0 0  1 0  1 1  0 0  1 0  1 1  0 0  1 1  1 0 
 0 0  0 0  0 0  0 0  0 0  0 0  0 0  1 1  1 0  0 0  0 1  1 0  0 0  1 0  1 0  0 0  1 0  1 0  0 0  0 1  1 0  1 0  0 0  1 0  0 0  1 1  0 0  0 0  0 0  1 0  1 0  1 0  1 1  1 0  0 0  1 0  1 1  0 0  0 0  0 0  1 0  1 0  1 0  0 0  0 1  1 1  0 0  0 0  0 0  1 0  0 0  1 1  1 1  0 0  0 0  1 0  0 0  0 0  1 0  1 0  1 0  1 0  0 0  1 1  0 0  1 0  0 0  0 0  0 0  0 0  1 0  1 0  1 0  0 0  0 1  0 0  0 0  1 0  0 0  0 1  1 0  0 0  1 0  1 0  1 1  1 0  0 1 
  ⠊    ⠋    ⠀    ⠁    ⠀    ⠃    ⠂    ⠥    ⠞    ⠊    ⠰    ⠇    ⠀    ⠞    ⠗    ⠁    ⠝    ⠎    ⠀    ⠺    ⠕    ⠍    ⠁    ⠝    ⠀    ⠴    ⠀    ⠁    ⠃    ⠎    ⠕    ⠇    ⠥    ⠞    ⠑    ⠇    ⠽    ⠀    ⠙    ⠑    ⠍    ⠕    ⠇    ⠊    ⠩    ⠬    ⠀    ⠁    ⠀    ⠏    ⠊    ⠵    ⠵    ⠁    ⠀    ⠔    ⠀    ⠋    ⠗    ⠕    ⠝    ⠞    ⠀    ⠷    ⠀    ⠍    ⠑    ⠀    ⠊    ⠀    ⠞    ⠕    ⠕    ⠀    ⠺    ⠙    ⠀    ⠆    ⠀    ⠢    ⠗    ⠁    ⠏    ⠞    ⠥    ⠗    ⠫  

⠊⠋⠀⠁⠀⠃⠂⠥⠞⠊⠰⠇⠀⠞⠗⠁⠝⠎⠀⠺⠕⠍⠁⠝⠀⠴⠀⠁⠃⠎⠕⠇⠥⠞⠑⠇⠽⠀⠙⠑⠍⠕⠇⠊⠩⠬⠀⠁⠀⠏⠊⠵⠵⠁⠀⠔⠀⠋⠗⠕⠝⠞⠀⠷⠀⠍⠑⠀⠊⠀⠞⠕⠕⠀⠺⠙⠀⠆⠀⠢⠗⠁⠏⠞⠥⠗⠫
⠊⠋⠀⠁⠀⠃⠂⠥⠞⠊⠰⠇⠀⠞⠗⠁⠝⠎⠀⠺⠕⠍⠁⠝⠀⠴⠀⠁⠃⠎⠕⠇⠥⠞⠑⠇⠽⠀⠙⠑⠍⠕⠇⠊⠩⠬⠀⠁⠀⠏⠊⠵⠵⠁⠀⠔⠀⠋⠗⠕⠝⠞⠀⠷⠀⠍⠑⠀⠊⠀⠞⠕⠕⠀⠺⠙⠀⠆⠀⠢⠗⠁⠏⠞⠥⠗⠫


Text:
KeepTransKidsSafeAtSchool

Grade 2 Contracted Braille:
 0 0  1 0  1 0  1 0  1 1  0 0  0 1  1 0  1 0  1 1  0 1  0 0  1 0  0 1  1 1  0 1  0 0  0 1  1 0  1 1  1 0  0 0  1 0  0 1  0 0  0 1  1 0  1 0  1 0  1 0 
 0 0  0 0  0 1  0 1  1 0  0 0  1 1  1 1  0 0  0 1  1 0  0 0  0 0  1 0  0 1  1 0  0 0  1 0  0 0  1 0  0 1  0 0  0 0  1 1  0 0  1 0  0 0  0 1  0 1  1 0 
 0 1  1 0  0 0  0 0  1 0  0 1  1 0  1 0  0 0  1 0  1 0  0 1  1 0  0 0  0 0  1 0  0 1  1 0  0 0  0 0  0 0  0 1  0 0  1 0  0 1  1 0  0 1  1 0  1 0  1 0 
  ⠠    ⠅    ⠑    ⠑    ⠏    ⠠    ⠞    ⠗    ⠁    ⠝    ⠎    ⠠    ⠅    ⠊    ⠙    ⠎    ⠠    ⠎    ⠁    ⠋    ⠑    ⠠    ⠁    ⠞    ⠠    ⠎    ⠡    ⠕    ⠕    ⠇  

⠠⠅⠑⠑⠏⠠⠞⠗⠁⠝⠎⠠⠅⠊⠙⠎⠠⠎⠁⠋⠑⠠⠁⠞⠠⠎⠡⠕⠕⠇
⠠⠅⠑⠑⠏⠠⠞⠗⠁⠝⠎⠠⠅⠊⠙⠎⠠⠎⠁⠋⠑⠠⠁⠞⠠⠎⠡⠕⠕⠇

Text:
Cuando llegan a la granja se encuentran con Ignacio el Ganso. Está leyéndole poesía a la Palomita Rita. “¡Hola a todos!” dice Ignacio el Ganso. “¿Dónde van? ¿Por qué están tan asustados?” “¡El cielo se está cayendo! ¡EL CIELO SE ESTÁ CAYENDO!” gritan todos.

Grade 1 Uncontracted Braille:
 0 0  1 1  1 0  1 0  1 1  1 1  1 0  0 0  1 0  1 0  1 0  1 1  1 0  1 1  0 0  1 0  0 0  1 0  1 0  0 0  1 1  1 0  1 0  1 1  0 1  1 0  0 0  0 1  1 0  0 0  1 0  1 1  1 1  1 0  1 0  1 1  0 1  1 0  1 0  1 1  0 0  1 1  1 0  1 1  0 0  0 0  0 1  1 1  1 1  1 0  1 1  0 1  1 0  0 0  1 0  1 0  0 0  0 0  1 1  1 0  1 1  0 1  1 0  0 0  0 0  0 0  1 0  0 1  0 1  1 0  0 0  1 0  1 0  1 1  0 1  1 1  1 1  1 0  1 0  1 0  0 0  1 1  1 0  1 0  0 1  0 1  1 0  0 0  1 0  0 0  1 0  1 0  0 0  0 0  1 1  1 0  1 0  1 0  1 1  0 1  0 1  1 0  0 0  0 0  1 0  0 1  0 1  1 0  0 0  0 0  0 0  0 1  0 0  0 0  0 0  1 0  1 0  1 0  1 0  0 0  1 0  0 0  0 1  1 0  1 1  1 0  0 1  0 0  0 0  0 0  1 1  0 1  1 1  1 0  0 0  0 0  0 1  1 1  1 1  1 0  1 1  0 1  1 0  0 0  1 0  1 0  0 0  0 0  1 1  1 0  1 1  0 1  1 0  0 0  0 0  0 0  0 1  0 0  0 0  0 0  1 1  0 1  1 1  1 1  1 0  0 0  1 0  1 0  1 1  0 0  0 0  0 1  0 0  0 0  0 0  1 1  1 0  1 0  0 0  1 1  1 0  0 1  0 0  1 0  0 1  0 1  1 0  1 1  0 0  0 1  1 0  1 1  0 0  1 0  0 1  1 0  0 1  0 1  1 0  1 1  1 0  0 1  0 0  0 0  0 0  0 0  0 1  0 0  0 0  0 0  1 0  1 0  0 0  1 1  0 1  1 0  1 0  1 0  0 0  0 1  1 0  0 0  1 0  0 1  0 1  1 0  0 0  1 1  1 0  1 1  1 0  1 1  1 1  1 0  0 0  0 0  0 1  0 0  0 0  0 0  0 0  1 0  1 0  0 0  0 0  0 0  1 1  0 1  1 0  1 0  1 0  0 0  0 0  0 0  0 1  1 0  0 0  0 0  0 0  1 0  0 1  0 1  1 0  0 0  0 0  0 0  1 1  1 0  1 1  1 0  1 1  1 1  1 0  0 0  0 0  0 0  1 1  1 0  0 1  0 1  1 0  1 1  0 0  0 1  1 0  1 1  1 0  0 1  0 0 
 0 0  0 0  0 0  0 0  0 1  0 1  0 1  0 0  1 0  1 0  0 1  1 1  0 0  0 1  0 0  0 0  0 0  1 0  0 0  0 0  1 1  1 1  0 0  0 1  1 1  0 0  0 0  1 0  0 1  0 0  0 1  0 1  0 0  0 0  0 1  0 1  1 1  1 1  0 0  0 1  0 0  0 0  0 1  0 1  0 0  0 0  1 0  1 1  0 1  0 0  0 0  1 0  0 1  0 0  0 1  1 0  0 0  0 0  1 1  0 0  0 1  1 0  0 1  1 1  0 0  0 0  0 1  1 0  1 1  1 1  0 0  1 0  0 1  0 1  1 0  0 1  0 1  0 1  1 0  0 1  0 0  1 0  0 1  0 1  1 0  0 0  0 0  0 0  0 0  0 0  1 0  0 0  0 0  0 0  1 0  0 0  1 0  0 1  0 0  1 0  1 1  0 0  0 0  0 0  1 1  1 0  1 1  0 0  1 1  0 0  1 0  0 1  0 1  1 1  0 0  1 1  0 1  1 0  0 0  0 0  0 0  0 0  1 1  0 1  0 1  0 1  1 0  1 1  0 1  0 0  0 1  1 0  0 0  0 1  0 0  0 0  1 0  1 1  0 1  0 0  0 0  1 0  0 1  0 0  0 1  1 0  0 0  0 0  1 1  0 0  0 1  1 0  0 1  1 1  0 0  1 0  0 1  0 1  1 1  0 0  0 1  0 0  0 1  0 1  0 1  0 0  1 0  0 0  0 1  1 0  0 0  0 1  0 1  1 1  0 0  1 0  0 1  1 1  0 0  1 1  0 0  1 0  0 0  0 1  1 0  1 1  1 1  0 1  0 0  1 1  0 0  0 1  0 0  0 0  1 0  0 0  1 0  1 1  0 0  0 1  0 1  1 0  1 0  0 1  0 0  1 0  0 1  0 1  1 1  0 0  0 1  1 0  0 0  0 0  1 0  0 1  1 0  0 1  0 0  1 0  0 1  0 0  0 1  1 0  1 1  1 1  0 0  0 0  0 0  0 1  0 1  0 1  0 1  0 1  1 1  0 0  0 1  0 1  1 1  0 0  0 0  0 1  1 0  0 0  0 0  0 0  0 0  1 0  0 1  1 0  0 1  0 0  0 0  0 0  1 0  0 1  0 0  0 0  0 0  0 1  1 0  1 1  1 1  0 0  0 0  0 0  0 0  0 0  0 1  0 1  0 1  0 1  0 1  1 1  0 1  0 0  1 1  1 1  1 0  1 1  0 0  0 1  0 0  1 1  0 1  0 1  0 1  1 0  1 1 
 0 1  0 0  1 1  0 0  1 0  0 0  1 0  0 0  1 0  1 0  0 0  0 0  0 0  1 0  0 0  0 0  0 0  1 0  0 0  0 0  0 0  1 0  0 0  1 0  0 0  0 0  0 0  1 0  0 0  0 0  0 0  1 0  0 0  1 1  0 0  1 0  1 0  1 0  0 0  1 0  0 0  0 0  1 0  1 0  0 0  0 1  0 0  0 0  1 0  0 0  0 0  0 0  1 0  0 0  0 0  1 0  0 0  0 1  0 0  0 0  1 0  1 0  1 0  0 1  0 0  0 1  0 0  1 0  1 0  1 1  0 0  1 0  0 0  1 1  1 1  1 0  0 0  1 0  1 0  0 0  0 0  1 0  1 0  0 0  1 0  1 0  0 0  0 0  0 0  0 0  1 0  0 0  0 0  0 1  1 0  0 0  1 0  1 0  1 0  0 0  1 0  0 0  0 0  0 1  1 0  0 0  1 0  0 0  0 1  0 0  1 1  0 0  0 1  1 0  0 1  0 0  1 0  1 0  0 0  0 0  0 0  0 0  1 0  1 0  0 0  1 0  1 0  1 0  1 1  0 0  0 0  0 0  0 0  0 0  0 0  0 1  0 0  0 0  1 0  0 0  0 0  0 0  1 0  0 0  0 0  1 0  0 0  0 1  0 0  0 0  1 0  1 0  1 0  0 1  0 0  1 1  0 0  0 1  1 0  0 1  0 0  1 1  1 0  0 0  0 0  0 0  1 1  0 0  1 0  1 1  0 0  0 0  0 1  1 0  0 1  1 0  1 0  1 0  0 0  1 0  1 1  1 1  0 0  0 0  1 0  1 0  1 1  1 0  0 0  1 0  0 0  1 0  0 0  0 0  1 0  1 1  1 0  1 0  0 0  0 0  1 0  1 0  1 1  1 1  0 0  1 1  0 0  0 1  1 0  0 1  0 0  1 0  0 0  0 0  0 0  0 0  1 0  1 0  0 0  1 0  0 0  0 0  0 0  1 0  1 0  1 1  0 0  0 0  0 0  1 1  0 0  1 0  0 0  1 0  1 0  0 0  0 0  0 1  1 0  0 1  0 1  0 0  1 0  0 0  0 1  0 1  0 0  0 0  0 0  1 0  1 0  0 0  0 1  0 1  1 0  0 0  0 0  0 1  0 1  0 0  1 0  1 0  1 1  0 0  0 1  0 1  0 0  0 0  1 1  0 0  1 0  0 0  1 0  1 0  1 1  0 0  0 0  1 0  0 0  1 0  0 0  1 0  0 0  1 0  1 0  0 0  1 0  1 0  0 1 
  ⠠    ⠉    ⠥    ⠁    ⠝    ⠙    ⠕    ⠀    ⠇    ⠇    ⠑    ⠛    ⠁    ⠝    ⠀    ⠁    ⠀    ⠇    ⠁    ⠀    ⠛    ⠗    ⠁    ⠝    ⠚    ⠁    ⠀    ⠎    ⠑    ⠀    ⠑    ⠝    ⠉    ⠥    ⠑    ⠝    ⠞    ⠗    ⠁    ⠝    ⠀    ⠉    ⠕    ⠝    ⠀    ⠠    ⠊    ⠛    ⠝    ⠁    ⠉    ⠊    ⠕    ⠀    ⠑    ⠇    ⠀    ⠠    ⠛    ⠁    ⠝    ⠎    ⠕    ⠲    ⠀    ⠠    ⠑    ⠎    ⠞    ⠷    ⠀    ⠇    ⠑    ⠽    ⠮    ⠝    ⠙    ⠕    ⠇    ⠑    ⠀    ⠏    ⠕    ⠑    ⠎    ⠌    ⠁    ⠀    ⠁    ⠀    ⠇    ⠁    ⠀    ⠠    ⠏    ⠁    ⠇    ⠕    ⠍    ⠊    ⠞    ⠁    ⠀    ⠠    ⠗    ⠊    ⠞    ⠁    ⠲    ⠀    ⠦    ⠘    ⠰    ⠖    ⠠    ⠓    ⠕    ⠇    ⠁    ⠀    ⠁    ⠀    ⠞    ⠕    ⠙    ⠕    ⠎    ⠖    ⠴    ⠀    ⠙    ⠊    ⠉    ⠑    ⠀    ⠠    ⠊    ⠛    ⠝    ⠁    ⠉    ⠊    ⠕    ⠀    ⠑    ⠇    ⠀    ⠠    ⠛    ⠁    ⠝    ⠎    ⠕    ⠲    ⠀    ⠦    ⠘    ⠰    ⠖    ⠠    ⠙    ⠬    ⠝    ⠙    ⠑    ⠀    ⠧    ⠁    ⠝    ⠦    ⠀    ⠘    ⠰    ⠖    ⠠    ⠏    ⠕    ⠗    ⠀    ⠟    ⠥    ⠮    ⠀    ⠑    ⠎    ⠞    ⠷    ⠝    ⠀    ⠞    ⠁    ⠝    ⠀    ⠁    ⠎    ⠥    ⠎    ⠞    ⠁    ⠙    ⠕    ⠎    ⠦    ⠴    ⠀    ⠦    ⠘    ⠰    ⠖    ⠠    ⠑    ⠇    ⠀    ⠉    ⠊    ⠑    ⠇    ⠕    ⠀    ⠎    ⠑    ⠀    ⠑    ⠎    ⠞    ⠷    ⠀    ⠉    ⠁    ⠽    ⠑    ⠝    ⠙    ⠕    ⠖    ⠀    ⠘    ⠰    ⠖    ⠠    ⠠    ⠑    ⠇    ⠀    ⠠    ⠠    ⠉    ⠊    ⠑    ⠇    ⠕    ⠀    ⠠    ⠠    ⠎    ⠑    ⠀    ⠠    ⠠    ⠑    ⠎    ⠞    ⠷    ⠀    ⠠    ⠠    ⠉    ⠁    ⠽    ⠑    ⠝    ⠙    ⠕    ⠖    ⠴    ⠀    ⠛    ⠗    ⠊    ⠞    ⠁    ⠝    ⠀    ⠞    ⠕    ⠙    ⠕    ⠎    ⠲  

⠠⠉⠥⠁⠝⠙⠕⠀⠇⠇⠑⠛⠁⠝⠀⠁⠀⠇⠁⠀⠛⠗⠁⠝⠚⠁⠀⠎⠑⠀⠑⠝⠉⠥⠑⠝⠞⠗⠁⠝⠀⠉⠕⠝⠀⠠⠊⠛⠝⠁⠉⠊⠕⠀⠑⠇⠀⠠⠛⠁⠝⠎⠕⠲⠀⠠⠑⠎⠞⠷⠀⠇⠑⠽⠮⠝⠙⠕⠇⠑⠀⠏⠕⠑⠎⠌⠁⠀⠁⠀⠇⠁⠀⠠⠏⠁⠇⠕⠍⠊⠞⠁⠀⠠⠗⠊⠞⠁⠲⠀⠦⠘⠰⠖⠠⠓⠕⠇⠁⠀⠁⠀⠞⠕⠙⠕⠎⠖⠴⠀⠙⠊⠉⠑⠀⠠⠊⠛⠝⠁⠉⠊⠕⠀⠑⠇⠀⠠⠛⠁⠝⠎⠕⠲⠀⠦⠘⠰⠖⠠⠙⠬⠝⠙⠑⠀⠧⠁⠝⠦⠀⠘⠰⠖⠠⠏⠕⠗⠀⠟⠥⠮⠀⠑⠎⠞⠷⠝⠀⠞⠁⠝⠀⠁⠎⠥⠎⠞⠁⠙⠕⠎⠦⠴⠀⠦⠘⠰⠖⠠⠑⠇⠀⠉⠊⠑⠇⠕⠀⠎⠑⠀⠑⠎⠞⠷⠀⠉⠁⠽⠑⠝⠙⠕⠖⠀⠘⠰⠖⠠⠠⠑⠇⠀⠠⠠⠉⠊⠑⠇⠕⠀⠠⠠⠎⠑⠀⠠⠠⠑⠎⠞⠷⠀⠠⠠⠉⠁⠽⠑⠝⠙⠕⠖⠴⠀⠛⠗⠊⠞⠁⠝⠀⠞⠕⠙⠕⠎⠲
⠠⠉⠥⠁⠝⠙⠕⠀⠇⠇⠑⠛⠁⠝⠀⠁⠀⠇⠁⠀⠛⠗⠁⠝⠚⠁⠀⠎⠑⠀⠑⠝⠉⠥⠑⠝⠞⠗⠁⠝⠀⠉⠕⠝⠀⠠⠊⠛⠝⠁⠉⠊⠕⠀⠑⠇⠀⠠⠛⠁⠝⠎⠕⠲⠀⠠⠑⠎⠞⠘⠌⠁⠀⠇⠑⠽⠘⠌⠑⠝⠙⠕⠇⠑⠀⠏⠕⠑⠎⠘⠌⠊⠁⠀⠁⠀⠇⠁⠀⠠⠏⠁⠇⠕⠍⠊⠞⠁⠀⠠⠗⠊⠞⠁⠲⠀⠨⠦⠘⠰⠖⠠⠓⠕⠇⠁⠀⠁⠀⠞⠕⠙⠕⠎⠖⠨⠴⠀⠙⠊⠉⠑⠀⠠⠊⠛⠝⠁⠉⠊⠕⠀⠑⠇⠀⠠⠛⠁⠝⠎⠕⠲⠀⠨⠦⠘⠰⠦⠠⠙⠘⠌⠕⠝⠙⠑⠀⠧⠁⠝⠦⠀⠘⠰⠦⠠⠏⠕⠗⠀⠟⠥⠘⠌⠑⠀⠑⠎⠞⠘⠌⠁⠝⠀⠞⠁⠝⠀⠁⠎⠥⠎⠞⠁⠙⠕⠎⠦⠨⠴⠀⠨⠦⠘⠰⠖⠠⠑⠇⠀⠉⠊⠑⠇⠕⠀⠎⠑⠀⠑⠎⠞⠘⠌⠁⠀⠉⠁⠽⠑⠝⠙⠕⠖⠀⠘⠰⠖⠠⠠⠑⠇⠀⠠⠠⠉⠊⠑⠇⠕⠀⠠⠠⠎⠑⠀⠠⠠⠑⠎⠞⠘⠌⠁⠀⠠⠠⠉⠁⠽⠑⠝⠙⠕⠖⠨⠴⠀⠛⠗⠊⠞⠁⠝⠀⠞⠕⠙⠕⠎⠲


Text:
complètement fou

Grade 2 Contracted Braille:
 1 1  1 0  1 1  1 1  1 0  0 1  0 1  1 0  0 0  0 1  0 0  1 1  1 0
 0 0  0 1  0 0  1 0  1 0  1 0  1 1  0 1  0 1  1 1  0 0  1 0  1 1
 0 0  1 0  1 0  1 0  1 0  1 1  1 0  0 0  0 1  1 0  0 0  0 0  0 1
  ⠉    ⠕    ⠍    ⠏    ⠇    ⠮    ⠞    ⠑    ⠰    ⠞    ⠀    ⠋    ⠳

⠉⠕⠍⠏⠇⠮⠞⠑⠰⠞⠀⠋⠳
⠉⠕⠍⠏⠇⠘⠡⠑⠞⠑⠰⠞⠀⠋⠳


Text:
"Hello!"

Grade 2 Contracted Braille:
 0 0  0 0  1 0  1 0  1 0  1 0  1 0  0 0  0 0
 1 0  0 0  1 1  0 1  1 0  1 0  0 1  1 1  0 1
 1 1  0 1  0 0  0 0  1 0  1 0  1 0  1 0  1 1
  ⠦    ⠠    ⠓    ⠑    ⠇    ⠇    ⠕    ⠖    ⠴

⠦⠠⠓⠑⠇⠇⠕⠖⠴
⠦⠠⠓⠑⠇⠇⠕⠖⠴

⠉⠊⠞⠊⠵⠑⠰⠎
⠉⠊⠞⠊⠵⠑⠰⠎

⠡⠊⠑⠋⠞⠁⠊⠰⠎
⠡⠊⠑⠋⠞⠁⠊⠰⠎


⠱⠕⠐⠑⠀⠏⠗⠕⠙⠥⠉⠫⠀⠥⠝⠿⠛⠑⠞⠞⠁⠃⠇⠑⠀⠝⠑⠫⠎⠀⠸⠮⠀⠁⠎⠎⠀⠁⠞⠑
⠱⠕⠐⠑⠀⠏⠗⠕⠙⠥⠉⠫⠀⠥⠝⠿⠛⠑⠞⠞⠁⠃⠇⠑⠀⠝⠑⠫⠎⠀⠸⠮⠀⠁⠎⠎⠀⠁⠞⠑


⠠⠍⠽⠀⠡⠀⠊⠎⠀⠕⠝⠀⠏⠥⠃⠻⠞⠽⠀⠃⠇⠕⠉⠅⠻⠎⠀⠯⠀⠓⠕⠗⠍⠐⠕⠎⠲⠀⠠⠩⠑⠀⠐⠅⠎⠀⠱⠁⠞⠀⠩⠑⠀⠺⠁⠝⠞⠎⠲⠀⠠⠩⠑⠀⠐⠅⠎⠀⠱⠕⠀⠩⠑⠀⠊⠎⠲⠀⠸⠹⠠⠉⠁⠎⠎⠠⠗⠑⠏⠕⠗⠞⠀⠸⠹⠠⠉⠁⠎⠎⠠⠗⠑⠧⠊⠑⠺⠀⠊⠎⠀⠝⠀⠛⠕⠬⠀⠞⠕⠀⠌⠕⠏⠀⠓⠻⠀⠒⠞⠔⠥⠬⠀⠓⠻⠀⠓⠁⠏⠏⠽⠀⠝⠕⠗⠍⠁⠇⠀⠇⠊⠋⠑⠲⠀⠠⠯⠀⠠⠊⠠⠴⠍⠀⠐⠗⠀⠆⠓⠀⠓⠻⠀⠀⠀⠀⠀⠀⠀⠀
⠠⠍⠽⠀⠡⠀⠊⠎⠀⠕⠝⠀⠏⠥⠃⠻⠞⠽⠀⠃⠇⠕⠉⠅⠻⠎⠀⠯⠀⠓⠕⠗⠍⠐⠕⠎⠲⠀⠠⠩⠑⠀⠐⠅⠎⠀⠱⠁⠞⠀⠩⠑⠀⠺⠁⠝⠞⠎⠲⠀⠠⠩⠑⠀⠐⠅⠎⠀⠱⠕⠀⠩⠑⠀⠊⠎⠲⠀⠸⠹⠠⠉⠁⠎⠎⠠⠗⠑⠏⠕⠗⠞⠀⠸⠹⠠⠉⠁⠎⠎⠠⠗⠑⠧⠊⠑⠺⠀⠊⠎⠀⠝⠀⠛⠕⠬⠀⠞⠕⠀⠌⠕⠏⠀⠓⠻⠀⠒⠞⠔⠥⠬⠀⠓⠻⠀⠓⠁⠏⠏⠽⠀⠝⠕⠗⠍⠁⠇⠀⠇⠊⠋⠑⠲⠀⠠⠯⠀⠠⠊⠠⠴⠍⠀⠐⠗⠀⠆⠓⠀⠓⠻⠀💪⠀🏳️‍⚧️


Text:
Unified English Braille (UEB)

Grade 2 Contracted Braille:
 0 0  1 0  1 1  0 1  1 1  0 1  1 1  0 0  0 0  0 0  1 1  1 0  0 1  1 1  0 0  0 0  1 0  1 0  1 0  0 0  0 0  1 0  0 0  0 0  1 0  1 0  1 0  0 0  0 1 
 0 0  0 0  0 1  1 0  1 0  1 0  1 0  0 0  0 0  1 0  1 1  1 0  1 0  0 0  0 0  0 0  1 0  1 1  1 0  0 0  0 1  1 0  0 0  0 0  0 0  0 1  1 0  0 1  0 1 
 0 1  1 1  1 0  0 0  0 0  0 0  0 1  0 0  0 1  0 1  0 0  1 0  0 0  0 1  0 0  0 1  0 0  1 0  1 0  0 0  0 0  0 1  0 1  0 1  1 1  0 0  0 0  0 0  1 0 
  ⠠    ⠥    ⠝    ⠊    ⠋    ⠊    ⠫    ⠀    ⠠    ⠢    ⠛    ⠇    ⠊    ⠩    ⠀    ⠠    ⠃    ⠗    ⠇    ⠀    ⠐    ⠣    ⠠    ⠠    ⠥    ⠑    ⠃    ⠐    ⠜  

⠠⠥⠝⠊⠋⠊⠫⠀⠠⠢⠛⠇⠊⠩⠀⠠⠃⠗⠇⠀⠐⠣⠠⠠⠥⠑⠃⠐⠜
⠠⠥⠝⠊⠋⠊⠫⠀⠠⠢⠛⠇⠊⠩⠀⠠⠃⠗⠇⠀⠐⠣⠠⠠⠥⠑⠃⠐⠜

Text:
WoooooooOOOOOOOOooooooo (a ghostly sound)

Grade 2 Contracted Braille:
 0 0  0 1  1 0  1 0  1 0  1 0  1 0  1 0  1 0  0 0  0 0  1 0  1 0  1 0  1 0  1 0  1 0  1 0  1 0  1 0  1 0  1 0  1 0  1 0  1 0  1 0  0 0  0 0  1 0  1 0  0 0  1 0  1 0  0 1  1 0  1 1  0 0  0 1  0 1  1 1  0 0  0 1 
 0 0  1 1  0 1  0 1  0 1  0 1  0 1  0 1  0 1  0 0  0 0  0 1  0 1  0 1  0 1  0 1  0 1  0 1  0 1  0 1  0 1  0 1  0 1  0 1  0 1  0 1  0 0  0 1  1 0  0 0  0 0  1 0  0 1  0 0  1 0  0 1  0 0  1 0  0 0  0 1  0 1  0 1 
 0 1  0 1  1 0  1 0  1 0  1 0  1 0  1 0  1 0  0 1  0 1  1 0  1 0  1 0  1 0  1 0  1 0  1 0  1 0  1 0  1 0  1 0  1 0  1 0  1 0  1 0  0 0  0 0  0 1  0 0  0 0  0 1  1 0  1 0  1 0  1 1  0 0  1 0  0 1  0 0  0 0  1 0 
  ⠠    ⠺    ⠕    ⠕    ⠕    ⠕    ⠕    ⠕    ⠕    ⠠    ⠠    ⠕    ⠕    ⠕    ⠕    ⠕    ⠕    ⠕    ⠕    ⠕    ⠕    ⠕    ⠕    ⠕    ⠕    ⠕    ⠀    ⠐    ⠣    ⠁    ⠀    ⠣    ⠕    ⠌    ⠇    ⠽    ⠀    ⠎    ⠨    ⠙    ⠐    ⠜  

⠠⠺⠕⠕⠕⠕⠕⠕⠕⠠⠠⠕⠕⠕⠕⠕⠕⠕⠕⠕⠕⠕⠕⠕⠕⠕⠀⠐⠣⠁⠀⠣⠕⠌⠇⠽⠀⠎⠨⠙⠐⠜
⠠⠺⠕⠕⠕⠕⠕⠕⠕⠠⠠⠕⠕⠕⠕⠕⠕⠕⠕⠕⠕⠕⠕⠕⠕⠕⠀⠐⠣⠁⠀⠣⠕⠌⠇⠽⠀⠎⠨⠙⠐⠜