⠠⠠⠇⠇⠤⠠⠠⠗⠫⠤⠠⠠⠗⠊⠙⠬⠤⠠⠠⠓⠕⠕⠙⠤⠞⠽⠏⠑⠀⠞⠁⠇⠑⠎
⠠⠠⠇⠇⠤⠠⠠⠗⠫⠤⠠⠠⠗⠊⠙⠬⠤⠠⠠⠓⠕⠕⠙⠤⠞⠽⠏⠑⠀⠞⠁⠇⠑⠎

Text:
"Hello!"

Grade 2 Contracted Braille:
 0 0  0 0  1 0  1 0  1 0  1 0  1 0  0 0  0 0 
 1 0  0 0  1 1  0 1  1 0  1 0  0 1  1 1  0 1 
 1 1  0 1  0 0  0 0  1 0  1 0  1 0  1 0  1 1 
  ⠦    ⠠    ⠓    ⠑    ⠇    ⠇    ⠕    ⠖    ⠴  

⠦⠠⠓⠑⠇⠇⠕⠖⠴
⠦⠠⠓⠑⠇⠇⠕⠖⠴

⠉⠊⠞⠊⠵⠑⠰⠎
⠉⠊⠞⠊⠵⠑⠰⠎

⠡⠊⠑⠋⠞⠁⠊⠰⠎
⠡⠊⠑⠋⠞⠁⠊⠰⠎


⠱⠕⠐⠑⠀⠏⠗⠕⠙⠥⠉⠫⠀⠥⠝⠿⠛⠑⠞⠞⠁⠃⠇⠑⠀⠝⠑⠫⠎⠀⠸⠮⠀⠁⠎⠎⠀⠁⠞⠑
⠱⠕⠐⠑⠀⠏⠗⠕⠙⠥⠉⠫⠀⠥⠝⠿⠛⠑⠞⠞⠁⠃⠇⠑⠀⠝⠑⠫⠎⠀⠸⠮⠀⠁⠎⠎⠀⠁⠞⠑


⠠⠍⠽⠀⠡⠀⠊⠎⠀⠕⠝⠀⠏⠥⠃⠻⠞⠽⠀⠃⠇⠕⠉⠅⠻⠎⠀⠯⠀⠓⠕⠗⠍⠐⠕⠎⠲⠀⠠⠩⠑⠀⠐⠅⠎⠀⠱⠁⠞⠀⠩⠑⠀⠺⠁⠝⠞⠎⠲⠀⠠⠩⠑⠀⠐⠅⠎⠀⠱⠕⠀⠩⠑⠀⠊⠎⠲⠀⠸⠹⠠⠉⠁⠎⠎⠠⠗⠑⠏⠕⠗⠞⠀⠸⠹⠠⠉⠁⠎⠎⠠⠗⠑⠧⠊⠑⠺⠀⠊⠎⠀⠝⠀⠛⠕⠬⠀⠞⠕⠀⠌⠕⠏⠀⠓⠻⠀⠒⠞⠔⠥⠬⠀⠓⠻⠀⠓⠁⠏⠏⠽⠀⠝⠕⠗⠍⠁⠇⠀⠇⠊⠋⠑⠲⠀⠠⠯⠀⠠⠊⠠⠴⠍⠀⠐⠗⠀⠆⠓⠀⠓⠻⠀⠀⠀⠀⠀⠀⠀⠀
⠠⠍⠽⠀⠡⠀⠊⠎⠀⠕⠝⠀⠏⠥⠃⠻⠞⠽⠀⠃⠇⠕⠉⠅⠻⠎⠀⠯⠀⠓⠕⠗⠍⠐⠕⠎⠲⠀⠠⠩⠑⠀⠐⠅⠎⠀⠱⠁⠞⠀⠩⠑⠀⠺⠁⠝⠞⠎⠲⠀⠠⠩⠑⠀⠐⠅⠎⠀⠱⠕⠀⠩⠑⠀⠊⠎⠲⠀⠸⠹⠠⠉⠁⠎⠎⠠⠗⠑⠏⠕⠗⠞⠀⠸⠹⠠⠉⠁⠎⠎⠠⠗⠑⠧⠊⠑⠺⠀⠊⠎⠀⠝⠀⠛⠕⠬⠀⠞⠕⠀⠌⠕⠏⠀⠓⠻⠀⠒⠞⠔⠥⠬⠀⠓⠻⠀⠓⠁⠏⠏⠽⠀⠝⠕⠗⠍⠁⠇⠀⠇⠊⠋⠑⠲⠀⠠⠯⠀⠠⠊⠠⠴⠍⠀⠐⠗⠀⠆⠓⠀⠓⠻⠀💪⠀🏳️‍⚧️


Text:
Unified English Braille (UEB)

Grade 2 Contracted Braille:
 0 0  1 0  1 1  0 1  1 1  0 1  1 1  0 0  0 0  0 0  1 1  1 0  0 1  1 1  0 0  0 0  1 0  1 0  1 0  0 0  0 0  1 0  0 0  0 0  1 0  1 0  1 0  0 0  0 1 
 0 0  0 0  0 1  1 0  1 0  1 0  1 0  0 0  0 0  1 0  1 1  1 0  1 0  0 0  0 0  0 0  1 0  1 1  1 0  0 0  0 1  1 0  0 0  0 0  0 0  0 1  1 0  0 1  0 1 
 0 1  1 1  1 0  0 0  0 0  0 0  0 1  0 0  0 1  0 1  0 0  1 0  0 0  0 1  0 0  0 1  0 0  1 0  1 0  0 0  0 0  0 1  0 1  0 1  1 1  0 0  0 0  0 0  1 0 
  ⠠    ⠥    ⠝    ⠊    ⠋    ⠊    ⠫    ⠀    ⠠    ⠢    ⠛    ⠇    ⠊    ⠩    ⠀    ⠠    ⠃    ⠗    ⠇    ⠀    ⠐    ⠣    ⠠    ⠠    ⠥    ⠑    ⠃    ⠐    ⠜  

⠠⠥⠝⠊⠋⠊⠫⠀⠠⠢⠛⠇⠊⠩⠀⠠⠃⠗⠇⠀⠐⠣⠠⠠⠥⠑⠃⠐⠜
⠠⠥⠝⠊⠋⠊⠫⠀⠠⠢⠛⠇⠊⠩⠀⠠⠃⠗⠇⠀⠐⠣⠠⠠⠥⠑⠃⠐⠜



Text:
WoooooooOOOOOOOOooooooo (a ghostly sound)

Grade 2 Contracted Braille:
 0 0  0 1  1 0  1 0  1 0  1 0  1 0  1 0  1 0  0 0  1 0  0 0  1 0  0 0  1 0  0 0  1 0  0 0  1 0  0 0  1 0  0 0  1 0  0 0  1 0  1 0  1 0  1 0  1 0  1 0  1 0  1 0  0 0  0 0  1 0  1 0  0 0  1 0  1 0  0 1  1 0  1 1  0 0  0 1  0 1  1 1  0 0  0 1 
 0 0  1 1  0 1  0 1  0 1  0 1  0 1  0 1  0 1  0 0  0 1  0 0  0 1  0 0  0 1  0 0  0 1  0 0  0 1  0 0  0 1  0 0  0 1  0 0  0 1  0 1  0 1  0 1  0 1  0 1  0 1  0 1  0 0  0 1  1 0  0 0  0 0  1 0  0 1  0 0  1 0  0 1  0 0  1 0  0 0  0 1  0 1  0 1 
 0 1  0 1  1 0  1 0  1 0  1 0  1 0  1 0  1 0  0 1  1 0  0 1  1 0  0 1  1 0  0 1  1 0  0 1  1 0  0 1  1 0  0 1  1 0  0 1  1 0  1 0  1 0  1 0  1 0  1 0  1 0  1 0  0 0  0 0  0 1  0 0  0 0  0 1  1 0  1 0  1 0  1 1  0 0  1 0  0 1  0 0  0 0  1 0 
  ⠠    ⠺    ⠕    ⠕    ⠕    ⠕    ⠕    ⠕    ⠕    ⠠    ⠕    ⠠    ⠕    ⠠    ⠕    ⠠    ⠕    ⠠    ⠕    ⠠    ⠕    ⠠    ⠕    ⠠    ⠕    ⠕    ⠕    ⠕    ⠕    ⠕    ⠕    ⠕    ⠀    ⠐    ⠣    ⠁    ⠀    ⠣    ⠕    ⠌    ⠇    ⠽    ⠀    ⠎    ⠨    ⠙    ⠐    ⠜  

⠠⠺⠕⠕⠕⠕⠕⠕⠕⠠⠕⠠⠕⠠⠕⠠⠕⠠⠕⠠⠕⠠⠕⠠⠕⠕⠕⠕⠕⠕⠕⠕⠀⠐⠣⠁⠀⠣⠕⠌⠇⠽⠀⠎⠨⠙⠐⠜